154 185 
0              48306      14286
1              47799      13043
2              47262      11394
3              47416      9733
4              46624      14305
5              47066      1545
6              47383      151
7              4785      16516
8              482      15633
9              48409      15614
10              48208      16372
11              461      19666
12              45774      19112
13              45383      20381
14              44746      1969
15              44275      19898
16              43858      19848
17              43891      20349
18              44337      21045
19              43725      20689
20              43287      20615
21              43136      20512
22              4358      21333
23              44078      22095
24              43153      22586
25              42998      21946
26              42551      219
27              43324      21903
28              44016      20916
29              45251      19836
30              4487      2064
31              44804      20465
32              46662      16166
33              4652      16197
34              46411      16154
35              4642      1587
36              46554      15646
37              46392      15574
38              46588      15019
39              46543      14969
40              4651      1508
41              46359      1511
42              4623      1526
43              46154      15235
44              46155      15053
45              45959      15491
46              45803      15168
47              46051      14505
48              46238      14355
49              46369      14113
50              46183      13733
51              45956      13648
52              45886      13909
53              45776      14216
54              45684      1397
55              45709      13873
56              45546      13729
57              45536      13661
58              46225      14612
59              45643      14863
60              4643      14066
61              45721      14041
62              45514      13592
63              46673      15992
64              46642      16037
65              46237      15639
66              53676      2383
67              539      27566
68              5519      30203
69              53914      30337
70              52438      30982
71              52097      23687
72              51208      32242
73              5105      37166
74              51216      44166
75              50828      32648
76              50454      39522
77              50416      44333
78              50668      46144
79              50469      48257
80              49683      58166
81              50641      55717
82              5085      43487
83              50866      44
84              50918      44073
85              50879      47009
86              50933      53333
87              51166      5
88              42697      23324
89              42016      231
90              43416      24616
91              4215      2475
92              42874      25334
93              43081      25629
94              43623      25353
95              43856      2597
96              43216      27916
97              4327      26922
98              45814      15977
99              45856      15807
100              46304      16337
101              46021      16542
102              45898      16848
103              45831      17383
104              45551      18693
105              45343      18999
106              45308      1841
107              4516      18015
108              4534      17685
109              45148      17246
110              45475      16781
111              45466      16378
112              45437      1629
113              45712      16075
114              45487      15547
115              45668      15648
116              46384      16433
117              43508      16439
118              45343      14409
119              45288      18804
120              44869      15237
121              44546      15374
122              4453      14468
123              44868      13848
124              4508      1364
125              45276      1372
126              45339      14308
127              45225      13593
128              4541      13661
129              44119      15242
130              44106      1538
131              44043      162
132              43172      16442
133              42648      18092
134              43347      16733
135              43512      16251
136              43727      15905
137              4355      165
138              50079      12373
139              49747      13377
140              50782      14214
141              5066      14032
142              50088      1442
143              50767      15056
144              50142      15118
145              48974      14474
146              49144      15003
147              5004      15776
148              50209      15832
149              49904      16444
150              49595      17251
151              49195      16607
152              49277      16998
153              49216      17666
0         1                250
0         2                250
0         3                250
0         4                250
0         5                250
0         6                250
0         7                250
0         8                250
0         9                250
0         10                250
0         11               250
0         12               250
0         13               250
2         14                250
2         15               250
2         16              250
2         13                250
2         40                250
3         17                250
3         18                250
3         19               250
3         20                250
3         4                250
3         21                250
3         22               250
3         23                250
3         13                250
3         24               250
3         39               250
4         14                250
4         26                250
4         27                250
4         28                250
4         29                250
4         30                250
4         5                250
4         31                250
4         21                250
4         32                250
4         33                250
5         6                250
10         34                250
10         13                250
10         35                250
10         36                250
10         37                250
10         38                250
11         12                250
12         16                250
13         41                250
13         42                250
13         43                250
13         44                250
13         21                250
13         45                250
13         46                250
13         47                250
13         48                250
13         49                250
13         50               250
13         51               250
13         52               250
13         53               250
13         54               250
13         55                250
13         56                250
13         57                250
14         58                250
14         59               250
14         60                250
14         61                250
14         62                250
14         63                250
14         64                250
14         65                250
14         21                250
14         66                250
21         22                250
21         67                250
22         46                250
22         68                250
24         69                250
24         70                250
24         71                250
24         72                250
24         81                250
24         73                250
24         74                250
24         75                250
24         76                250
24         77               250
24         78               250
24         79                250
24         54               250
24         80                250
25         27                250
27         63                250
46         47                250
52         82                250
52         83                250
52         54                250
52         84                250
52         85                250
52         86                250
52         87                250
52         88                250
52         89                250
52         90                250
52         91                250
52         92                250
54         93                250
54         94                250
54         95                250
54         96                250
54         97                250
54         98                250
54         99                250
54         100                250
54         101               250
54         102               250
54         103                250
54         104                250
54         105                250
54         106                250
54         80                250
54         107                250
54         108                250
54         109                250
54         110                250
54         111                250
54         112                250
54         113                250
54         114                250
54         115                250
54         116                250
54         117                250
56         118                250
56         119                250
56         120                250
56         121               250
56         122                250
56         80                250
56         123                250
58         59                250
58         124               250
58         125                250
58         126                250
58         75                250
58         127                250
58         128                250
58         129                250
58         72                250
58         130                250
58         131                250
59         132                250
59         133                250
59         134                250
59         135                250
59         136                250
59         137               250
59         60                250
59         138                250
59         139                250
59         140               250
60         141               250
60         61                250
60         142                250
61         143               250
61         144                250
63         145               250
63         146               250
72         81                250
79         104                250
79         147                250
79         148                250
79         149                250
79         150                250
79         151                250
79         152                250
79         153                250
104         153                250
134         137                250
134         140                250
136         137                250
